% -------------------------------------------------------------------
%  Generated by MATLAB on 20-Jul-2019 19:00:48
%  MATLAB version: 9.5.0.944444 (R2018b)
% -------------------------------------------------------------------
                               

b = [1; 1; 1; 1; 1; 1; 1; 1; 1; 1; 1; 1; 1; 1; 1; 1; 1; 1; 1; 1; 1; 1; ...
     1; 1; 1; 1; 1; 1; 1; 1; 1; 1; 1; 1; 1; 1; 1; 1; 1; 1; 1; 1; 1; 1; ...
     1; 1; 1; 1; 1; 1; 1; 1; 1; 1; 1; 1; 1; 1; 1; 1; 1; 1; 1; 1; 1; 1; ...
     1; 1; 1; 1; 1; 1; 1; 1; 1; 1; 1; 1; 1; 1; 1; 1; 1; 1; 1; 1; 1; 1; ...
     1; 1; 1; 1; 1; 1; 1; 1; 1; 1; 1; 1; 1; 1; 1; 1; 1; 1; 1; 1; 1; 1; ...
     1; 1; 1; 1; 1; 1; 1; 1; 1; 1; 1; 1; 1; 1; 1; 1; 1; 1; 1; 1; 1; 1; ...
     1; 1; 1; 1; 1; 1; 1; 1; 1; 1; 1; 1; 1; 1; 1; 1; 1; 1; 1; 1; 1; 1; ...
     1; 1; 1; 1; 1; 1; 1; 1; 1; 1; 1; 1; 1; 1; 1; 1; 1; 1; 1; 1; 1; 1; ...
     1; 1; 1; 1; 1; 1; 1; 1; 1; 1; 1; 1; 1; 1; 1; 1; 1; 1; 1; 1; 1; 1; ...
     1; 1; 1; 1; 1; 1; 1; 1; 1; 1; 1; 1; 1; 1; 1; 1; 1; 1; 1; 1; 1; 1; ...
     1; 1; 1; 1; 1; 1; 1; 1; 1; 1; 1; 1; 1; 1; 1; 1; 1; 1; 1; 1; 1; 1; ...
     1; 1; 1; 1; 1; 1; 1; 1; 1; 1; 1; 1; 1; 1; 1; 1; 1; 1; 1; 1; 1; 1; ...
     1; 1; 1; 1; 1; 1; 1; 1; 1; 1; 1; 1; 1; 1; 1; 1; 1; 1; 1; 1; 1; 1; ...
     1; 1; 1; 1; 1; 1; 1; 1; 1; 1; 1; 1; 1; 1; 1; 1; 1; 1; 1; 1; 1; 1; ...
     1; 1; 1; 1; 1; 1; 1; 1; 1; 1; 1; 1; 1; 1; 1; 1; 1; 1; 1; 1; 1; 1; ...
     1; 1; 1; 1; 1; 1; 1; 1; 1; 1; 1; 1; 1; 1; 1; 1; 1; 1; 1; 1; 1; 1; ...
     1; 1; 1; 1; 1; 1; 1; 1; 1; 1; 1; 1; 1; 1; 1; 1; 1; 1; 1; 1; 1; 1; ...
     1; 1; 1; 1; 1; 1; 1; 1; 1; 1; 1; 1; 1; 1; 1; 1; 1; 1; 1; 1; 1; 1; ...
     1; 1; 1; 1; 1; 1; 1; 1; 1; 1; 1; 1; 1; 1; 1; 1; 1; 1; 1; 1; 1; 1; ...
     1; 1; 1; 1; 1; 1; 1; 1; 1; 1; 1; 1; 1; 1; 1; 1; 1; 1; 1; 1; 1; 1; ...
     1; 1; 1; 1; 1; 1; 1; 1; 1; 1; 1; 1; 1; 1; 1; 1; 1; 1; 1; 1; 1; 1; ...
     1; 1; 1; 1; 1; 1; 1; 1; 1; 1; 1; 1; 1; 1; 1; 1; 1; 1; 1; 1; 1; 1; ...
     1; 1; 1; 1; 1; 1; 1; 1; 1; 1; 1; 1; 1; 1; 1; 1];

i = 67217;

iter = ...
  [10 36 83;
   20 88 178;
   30 159 341;
   40 254 555;
   50 373 828;
   60 517 1153;
   70 684 1531;
   80 873 1958;
   90 1087 2440;
   100 1323 2974;
   110 1583 3559;
   120 1866 4197;
   130 2172 4887;
   140 2502 5630;
   150 2855 6425;
   160 3231 7272;
   170 3631 8171;
   180 4054 9123;
   190 4500 10127;
   200 4969 11183;
   210 5462 12292;
   220 5977 13453;
   230 6517 14666;
   240 7079 15932;
   250 7665 17250;
   260 8274 18620;
   270 8906 20043;
   280 9562 21518;
   290 10240 23046;
   300 10942 24626;
   310 11668 26258;
   320 12416 27942;
   330 13188 29679;
   340 13983 31468;
   350 14802 33310;
   360 15644 35204;
   370 16508 37150;
   380 17397 39149;
   390 18308 41200;
   400 19243 43303;
   410 20201 45459;
   420 21182 47667;
   430 22187 49928;
   440 23215 52240;
   450 24266 54606;
   460 25341 57023;
   470 26438 59493;
   480 27559 62015;
   490 28703 64590;
   500 29871 67217];

n = 500;

tol = 1E-8;

x = [17.646381149776253; 24.283338324109526; 27.375685724311293; 29.206722101672106; ...
     30.607881967658329; 32.016943926239023; 33.90861273057974; 37.30805131102138; ...
     45.302186275120739; 51.111286422492071; 55.01268247161574; 57.843320714879063; ...
     60.207861842889734; 62.551281006893696; 65.30945568524578; 69.021406238593855; ...
     74.143026218167748; 78.8469386200157; 82.7204370257197; 85.94601644431647; ...
     88.828963683143; 91.670862574257043; 94.756522766025768; 98.325091741124965; ...
     102.40157374022733; 106.41300481504193; 110.07611056834662; 113.39134435498966; ...
     116.49111387262231; 119.54668284252995; 122.72068106509737; 126.12086422134331; ...
     129.72517218834153; 133.32739633341336; 136.77965607953095; 140.05213653662457; ...
     143.19746461183198; 146.30407386020369; 149.45865443261013; 152.71251189299306; ...
     156.05085446063271; 159.39175225305425; 162.66298088211522; 165.84008110257955; ...
     168.94253418036809; 172.01349355639059; 175.09735091475355; 178.21967446005462; ...
     181.37398151087302; 184.52577733884868; 187.64043409614911; 190.70267281412163; ...
     193.71909745363936; 196.71001527326405; 199.6975812130444; 202.69485352474405; ...
     205.69961978716151; 208.6969414985837; 211.6703053528351; 214.6110786075009; ...
     217.52116755024363; 220.40988887347939; 223.28810514297129; 226.16253864232928; ...
     229.0327026181173; 231.89206351921982; 234.73276721289469; 237.55016871664844; ...
     240.34460527025692; 243.1202675313975; 245.88241184704773; 248.63449328755718; ...
     251.37658852788809; 254.10584275146979; 256.81853126711809; 259.51222378024011; ...
     262.18681728709277; 264.84416413921616; 267.48678143073079; 270.11643413748493; ...
     272.7333154589848; 275.33618769628538; 277.92329132855468; 280.49337785484295; ...
     283.04627596345409; 285.58279031249418; 288.10411560407908; 290.61114637762586; ...
     293.10405147929356; 295.58230125119843; 298.0450685010922; 300.49172035229594; ...
     302.92211840461238; 305.33660554850638; 307.73574430079691; 310.11998429502984; ...
     312.48944283480108; 314.84389733361087; 317.18296107785989; 319.50631665422776; ...
     321.81387175983622; 324.10576918181607; 326.38227176131744; 328.64360367269109; ...
     330.88983823711635; 333.1208841764805; 335.33656182845539; 337.53671343291506; ...
     339.7212828047347; 341.89032766369928; 344.0439698961099; 346.18232040349392; ...
     348.30542227073437; 350.41323931302958; 352.50568863290425; 354.58269245062854; ...
     356.644218368922; 358.69028877861768; 360.72095976245714; 362.73628578101562; ...
     364.73629113591937; 366.72096217866738; 368.69026094621796; 370.6441493745329; ...
     372.58260944851304; 374.50564932624337; 376.41329460098154; 378.30557182913304; ...
     380.18249432024572; 382.04405732653237; 383.89024360584108; 385.72103465988977; ...
     387.536420731515; 389.33640448406533; 391.12099749333976; 392.89021262157911; ...
     394.64405699673006; 396.3825292087497; 398.10562149814012; 399.81332493512707; ...
     401.50563434109063; 403.18255039270269; 404.84407827431295; 406.49022417473407; ...
     408.1209918440062; 409.73638102129644; 411.33638825058244; 412.92100924916673; ...
     414.49024131283511; 416.044084479198; 417.58254104436963; 419.10561396697022; ...
     420.61330519123436; 422.10561478985454; 423.5825412417708; 425.04408250620315; ...
     426.4902371900024; 427.92100517503803; 429.33638746518653; 430.73638546576751; ...
     432.12100017236611; 433.490231713411; 434.84407942877209; 436.18254235223588; ...
     437.50561977433011; 438.81331157419572; 440.10561818403471; 441.38254026704379; ...
     442.64407832758076; 443.89023247121247; 445.121002416264; 446.33638770826292; ...
     447.53638798954245; 448.7210031720669; 449.89023343843019; 451.04407909953989; ...
     452.18254040847808; 453.30561743640123; 454.41331006564468; 455.50561808387448; ...
     456.58254131240341; 457.64407969502105; 458.69023330702885; 459.72100229318454; ...
     460.73638677939471; 461.73638680930071; 462.72100233509644; 463.69023325827072; ...
     464.64407949028475; 465.58254099771983; 466.50561781063948; 467.41330999595937; ...
     468.30561761582442; 469.1825406955432; 470.0440792164261; 470.8902331331069; ...
     471.72100240204765; 472.53638700425927; 473.33638695119737; 474.12100227355825; ...
     474.890233001791; 475.64407915003329; 476.38254071139045; 477.10561766513604; ...
     477.81330999001261; 478.50561767556474; 479.18254072584438; 479.8440791548162; ...
     480.4902329772973; 481.12100220097631; 481.73638682355181; 482.33638683563726; ...
     482.92100222692193; 483.49023299177946; 484.04407913145218; 484.582540652234; ...
     485.10561756129033; 485.61330986272259; 486.10561755591789; 486.5825406366684; ...
     487.04407910000151; 487.49023294293607; 487.92100216572123; 488.33638677116079; ...
     488.73638676270332; 489.121002142514; 489.49023291054868; 489.8440790649484; ...
